Cnpjs_usados,
1637895,
62258884,
04405392,
10917819,
2014622,
10919934,
27175959,
76630573,
45941432,
5200879,
29067113,
60405446,
3082926,
3447278,
2229411,
56544620,
78759701,
02188623,
85271773,
2808276,
66890369,
08012003,
08012008,
08012009,
08012009,
08012009,
08012010,
08012010,
08012011,
08012006,
08012006,
08012006,
08012008,
08012008,
08012002,
08012005,
08012006,
08012009,
08012011,
08012011,
08012001,
08012006,
08012002,
08012006,
08012007,
08012007,
08012008,
08012011,
08012000,
08693360,
60869336,
02188623,
60405446,
78759701,
85271773,
00372608,
20372140,
12727707,
24803860,
60405446,
06243416,
62449190,
03314584,
46244919,
06243416,
04368100,
05879344,
62258884,
19756200,
29067113,
23097900,
04016638,
04253790,
61322558,
61400A64,
03240967,
07910489,
61322558,
07524114,
43932102,
29067113,
46083754,
